Random Number Generator / Picker
I occasionally get feedback on this page about how it’s “not random enough.” If you are generating random numbers from a very large base, most of the numbers are likely to be close to that base.

E.g., if I ask for a random number between 1 and 1000, the possible results are: 1 number with 4 digits, 900 numbers with 3 digits, 90 numbers with 2 digits and 9 numbers with 1 digit.

So, the vast majority of your results are going to have 3 digits. For a more detailed explanation, see this question I posed on Stack Overflow on this very topic.

Click “Get random!” to pick a random number between 1 and whatever you enter in the field below, inclusive. This generates a pseudo-random number using JavaScript’s Math functions.

If you prefer, you can still use the original Random Number Picker. You can also pick one item out of a list!

Enter some numbers:
I want 
10000
 numbers between 
1
 and 
1000
,  .
Get random!
Result:
347
317
130
908
908
281
670
218
613
790
469
531
477
765
960
51
310
955
817
424
457
780
625
129
280
229
109
371
26
943
902
170
985
86
733
608
445
616
267
884
972
945
180
518
558
575
686
382
136
344
350
23
941
512
784
591
504
652
882
781
952
111
41
695
421
633
990
37
746
678
974
852
891
671
67
361
511
486
863
74
712
860
902
752
949
849
137
158
537
253
656
923
732
772
212
59
478
425
32
669
736
609
297
532
824
406
536
874
251
734
145
646
230
405
381
559
642
582
986
453
922
295
523
818
664
181
491
506
9
604
428
75
204
977
986
782
455
766
620
349
611
399
862
219
612
776
276
792
245
292
815
574
627
730
571
439
607
509
478
598
481
841
510
821
491
29
234
913
864
431
657
253
133
222
483
569
679
718
96
195
386
212
572
695
12
265
656
694
562
260
861
590
221
758
632
592
243
917
475
396
246
389
820
338
888
155
805
32
625
770
529
801
105
143
482
349
245
220
478
304
135
908
981
871
806
373
131
797
600
217
95
99
151
280
332
803
629
799
250
958
319
130
772
916
875
315
238
56
162
36
280
985
882
534
775
637
126
207
649
610
595
279
8
215
997
9
264
197
115
901
472
81
676
26
590
160
212
955
110
865
70
934
498
269
989
241
764
9
409
505
368
976
143
278
653
184
60
133
43
459
882
552
791
180
370
386
592
803
406
546
420
776
723
933
939
616
220
405
897
463
172
129
710
938
912
21
409
501
330
37
414
937
887
319
81
169
169
39
417
225
932
569
652
280
432
233
183
235
758
421
17
345
534
883
166
287
588
74
128
659
267
150
543
600
381
45
230
822
724
360
81
135
599
749
839
793
739
617
474
104
785
80
553
856
809
424
475
542
100
596
159
213
239
965
357
274
241
385
243
117
88
815
887
28
385
380
537
729
478
825
723
160
1000
789
951
470
742
889
407
755
955
399
947
649
112
837
130
629
246
243
839
408
344
383
202
266
814
388
715
162
520
620
294
135
160
375
739
21
407
946
950
81
325
149
615
959
98
950
328
631
260
479
241
156
601
575
406
182
669
831
86
648
471
905
98
114
14
729
999
683
717
827
797
512
684
997
288
120
728
867
987
143
184
870
978
272
559
643
904
642
893
172
563
281
646
670
393
497
542
350
149
509
359
750
67
59
431
71
889
423
786
450
778
164
197
810
705
698
437
359
222
558
160
329
439
810
530
415
72
78
410
923
533
544
121
699
893
46
999
610
542
746
192
845
745
241
969
431
410
731
591
95
243
604
234
112
371
540
980
86
744
282
257
738
346
11
841
944
73
235
520
191
817
601
376
916
843
72
900
367
47
198
801
643
278
514
17
401
351
803
117
280
83
164
238
429
533
194
426
410
547
855
51
389
542
904
418
735
585
124
255
526
630
80
584
954
17
724
106
680
586
490
331
24
650
469
585
497
588
450
41
753
52
32
373
642
55
251
424
968
785
136
394
949
685
472
325
559
648
638
404
273
880
659
429
265
357
285
518
197
113
355
537
122
488
550
864
672
50
691
971
451
843
823
883
760
465
850
474
830
496
675
422
351
421
552
159
338
27
504
873
87
816
617
436
724
806
782
884
802
901
951
793
691
161
543
792
497
796
946
297
614
310
606
417
833
402
327
464
342
667
321
350
627
110
848
527
610
778
367
978
686
749
428
119
994
948
955
325
653
797
449
749
864
257
434
331
337
378
336
897
998
717
865
393
220
73
16
267
895
426
64
576
536
805
821
998
186
86
359
776
572
667
218
945
26
437
343
441
901
730
249
833
873
936
317
809
142
932
307
620
916
638
444
546
933
964
223
361
630
754
931
427
431
359
973
646
396
920
729
117
171
381
715
341
147
112
29
824
5
852
686
849
319
570
297
645
187
655
366
264
723
186
406
415
571
191
326
870
891
121
838
921
34
568
853
822
954
787
774
881
692
646
623
885
55
193
135
561
300
450
234
339
667
34
886
492
627
108
322
2
118
273
243
121
375
857
914
46
411
138
528
294
747
41
6
139
496
929
937
232
497
148
60
977
563
727
424
952
437
798
600
71
61
49
136
351
235
568
82
214
773
175
631
387
394
439
853
75
587
143
747
512
264
76
764
136
829
510
897
167
485
657
667
19
24
99
593
37
824
78
388
42
891
874
574
46
406
617
334
942
177
285
896
974
423
244
477
842
639
821
822
367
944
697
188
203
335
69
395
411
88
88
736
766
204
642
223
57
824
605
140
932
784
796
775
206
944
255
897
61
983
994
169
101
234
897
895
481
982
922
99
11
557
393
275
508
809
499
996
113
822
998
386
745
525
521
412
635
730
934
327
833
897
955
828
546
984
982
74
174
269
349
884
199
581
215
55
223
859
252
27
818
777
315
509
17
130
999
511
777
457
3
103
495
164
129
97
280
305
50
15
649
503
316
270
218
549
827
1000
761
48
316
773
220
914
437
677
284
479
321
812
250
421
726
891
129
635
258
126
110
311
208
971
176
329
848
412
987
605
217
326
496
529
199
304
498
836
45
993
859
462
118
354
827
12
519
824
469
289
181
953
822
468
592
223
484
569
275
546
224
27
713
343
213
659
903
104
827
946
925
542
208
776
989
853
429
948
820
594
183
166
215
508
572
164
481
891
145
996
852
798
99
260
144
152
960
903
973
343
129
384
785
259
16
958
90
381
690
516
762
828
20
902
22
677
575
668
969
130
643
351
846
296
497
310
949
321
239
736
602
2
791
646
985
306
550
997
222
133
384
786
207
830
907
346
714
904
508
547
867
648
995
609
688
313
614
219
679
95
937
27
429
864
193
834
956
69
336
343
387
460
429
586
61
570
365
127
218
122
811
763
235
649
369
772
131
408
136
424
698
235
793
851
470
358
367
514
219
567
765
521
752
836
601
348
181
799
237
87
433
620
845
673
463
273
600
137
314
294
63
215
653
69
543
15
31
695
401
995
99
80
825
72
86
506
102
535
113
137
473
440
527
248
866
215
714
817
58
72
288
476
561
382
412
163
251
505
746
854
246
987
843
174
484
609
805
954
357
320
141
518
252
232
318
774
136
48
671
720
133
312
492
858
464
745
809
336
507
747
345
511
598
154
514
557
237
79
5
732
81
351
804
300
468
226
489
285
272
324
413
198
651
484
119
828
563
502
741
310
739
695
639
126
253
217
896
534
881
211
726
904
826
441
140
976
736
867
273
835
601
982
650
325
813
777
316
490
144
650
699
263
640
429
375
874
978
142
830
29
29
742
619
686
633
486
227
469
903
809
332
88
24
409
673
808
191
185
386
674
517
883
236
947
315
28
491
840
371
577
88
321
940
666
83
163
412
827
788
173
509
850
681
679
314
87
420
461
703
584
798
755
932
368
991
264
737
386
828
233
144
168
960
301
256
538
702
442
905
940
946
131
382
199
503
856
80
579
799
406
480
752
614
931
200
443
873
846
631
525
918
814
498
749
124
264
994
267
103
586
297
282
182
216
865
195
738
602
743
941
367
823
739
291
299
730
677
683
393
964
401
924
979
223
839
180
945
974
768
693
257
391
59
719
64
903
426
754
368
227
119
763
719
235
928
564
908
814
529
468
19
706
475
790
351
965
910
637
600
329
21
788
45
946
596
647
605
962
46
941
975
58
328
819
224
254
862
307
158
978
851
384
86
603
195
937
495
220
820
119
250
416
298
826
13
351
235
209
962
422
313
57
780
858
829
268
797
187
786
527
947
51
430
473
86
951
23
324
817
260
951
590
19
666
678
994
418
295
30
450
633
70
982
10
56
456
717
50
898
731
255
2
916
793
228
927
761
410
786
361
31
383
935
985
368
506
802
427
314
562
884
883
855
317
535
531
618
499
339
129
955
536
780
124
601
426
56
748
991
198
522
833
655
290
503
721
507
406
882
2
797
145
682
790
238
129
792
901
235
90
704
880
906
217
720
199
659
198
918
258
491
60
895
801
514
932
581
975
809
778
329
326
575
392
743
796
185
511
182
278
997
895
141
570
604
320
515
639
700
925
686
73
331
543
655
524
673
21
7
693
200
507
606
564
909
906
795
276
507
782
645
303
283
346
620
292
65
850
909
459
441
967
397
428
603
337
537
929
744
758
708
891
765
559
317
848
446
65
830
165
762
989
639
885
18
142
466
237
999
934
209
99
474
553
616
317
701
77
868
806
703
77
224
405
580
61
590
618
204
78
931
212
120
381
240
249
415
569
581
402
806
139
414
901
667
772
716
307
435
976
789
453
636
147
627
639
142
306
296
131
726
445
586
32
58
780
604
848
543
407
124
34
403
590
877
570
964
576
642
175
930
977
267
942
585
46
957
268
140
895
541
60
304
954
64
101
810
553
917
329
531
414
998
36
853
679
670
87
660
9
38
457
633
910
844
438
480
693
806
349
410
63
142
378
540
683
342
268
687
667
381
922
420
159
53
411
240
760
923
160
296
267
980
993
734
724
979
689
519
46
917
10
839
805
970
905
293
981
580
475
251
497
716
278
525
405
665
759
678
105
45
568
537
905
593
926
246
301
619
288
8
641
106
435
655
871
761
575
130
460
188
747
662
791
867
910
853
415
453
48
651
968
246
244
514
900
623
980
646
550
751
200
235
593
946
573
292
291
831
236
149
932
630
192
901
895
919
806
674
829
124
841
673
994
939
699
382
384
43
429
654
553
493
265
18
363
844
539
182
698
220
40
442
750
436
797
144
153
186
213
8
251
699
327
768
411
37
854
660
296
775
971
10
286
202
799
723
805
878
824
669
577
96
947
405
888
412
242
134
800
222
222
670
5
104
559
683
520
35
385
503
783
455
456
459
923
197
626
135
995
767
199
296
566
128
405
708
85
212
716
11
673
993
373
672
966
403
196
711
617
120
480
926
170
67
304
886
737
167
495
922
201
423
463
100
543
871
811
624
936
979
811
254
248
968
902
745
585
939
437
204
307
980
350
11
853
217
83
356
97
347
57
386
825
761
831
518
630
789
442
939
801
740
99
704
22
773
990
999
14
417
137
687
883
603
278
285
996
631
819
700
515
57
487
317
155
493
688
579
316
192
85
67
711
781
792
102
302
825
556
724
217
406
562
1
743
533
92
760
306
751
130
305
323
957
158
272
415
420
102
285
67
499
79
91
604
408
549
784
726
967
251
769
114
550
909
388
297
515
687
913
120
791
749
973
702
857
205
586
269
449
513
528
502
987
88
840
996
106
483
537
879
136
622
760
544
49
632
191
500
594
939
961
805
418
127
32
258
807
144
890
61
782
548
846
651
148
297
50
815
157
882
146
99
327
951
77
714
216
436
58
999
555
950
73
635
893
68
754
770
679
537
381
303
921
604
316
757
178
999
935
183
423
199
915
527
70
464
20
307
618
553
647
361
263
70
751
570
321
870
895
35
587
302
384
623
235
886
384
1000
228
833
772
344
547
584
662
837
887
407
380
534
717
156
277
613
20
621
933
789
393
486
808
570
300
484
741
981
798
566
270
810
447
245
189
323
170
389
697
315
880
791
348
552
104
143
475
959
163
220
413
25
52
744
422
398
852
364
936
741
731
997
462
739
269
933
990
872
207
85
529
421
231
611
279
548
881
212
796
359
200
967
456
360
416
861
672
500
693
592
138
303
901
613
158
918
817
542
697
19
888
481
274
449
891
218
952
721
414
139
527
588
70
791
150
829
927
207
383
497
872
371
230
440
45
346
658
839
18
491
596
124
588
965
549
307
179
721
19
335
952
131
410
179
671
916
877
101
639
150
348
636
99
78
238
552
389
104
818
159
313
423
779
35
731
143
823
353
554
101
819
230
115
851
331
200
615
328
136
377
439
664
151
857
894
962
39
867
87
387
80
409
433
112
268
169
691
654
247
573
78
155
549
57
90
912
354
677
822
744
809
763
967
234
890
930
620
774
595
274
928
715
33
858
225
54
708
460
924
621
896
756
349
195
509
884
47
705
885
304
127
599
307
309
197
282
446
466
257
971
408
174
443
319
162
583
6
466
624
442
550
525
243
680
703
507
300
743
393
763
768
70
745
582
711
844
833
209
215
143
252
161
162
287
671
626
521
569
578
907
944
909
256
50
672
457
309
538
276
179
936
691
684
575
224
23
853
756
330
233
789
365
775
61
361
629
197
917
202
273
88
210
686
952
662
18
280
192
31
553
744
21
794
878
134
185
502
898
316
614
969
615
561
476
794
32
536
794
599
679
983
99
126
910
547
494
118
113
888
609
552
856
989
861
417
256
611
445
840
277
619
485
462
156
568
160
49
285
558
532
181
605
470
351
281
410
310
356
570
250
833
145
555
519
281
153
192
26
101
70
949
559
411
647
740
924
71
200
542
510
185
481
885
577
304
897
779
105
85
253
533
384
63
354
169
553
596
276
728
893
40
682
101
448
621
928
241
731
924
503
338
584
220
725
38
989
129
468
986
410
505
9
153
6
301
262
119
118
297
485
612
684
629
144
248
993
406
150
121
851
959
581
576
694
387
774
24
677
103
4
182
974
643
937
296
850
40
11
938
785
386
621
842
375
240
42
83
154
559
508
210
515
410
723
827
322
991
412
617
208
720
907
864
967
743
872
831
656
612
301
995
173
719
521
908
523
353
306
906
761
55
817
780
390
187
540
433
655
882
951
946
144
959
549
310
346
770
756
930
198
433
795
770
519
690
914
719
130
202
57
66
370
778
103
735
229
211
801
270
743
893
569
160
895
75
188
480
327
320
907
648
750
888
930
491
46
435
538
786
781
557
249
826
927
702
784
23
267
635
647
995
981
966
451
363
222
596
63
173
198
252
232
686
259
988
199
772
758
28
269
498
31
476
40
727
494
870
287
234
996
257
934
627
212
454
661
105
365
710
183
310
171
892
964
194
808
71
217
357
582
308
159
545
122
181
580
524
553
204
338
630
841
143
59
244
400
38
692
565
869
489
330
484
536
468
457
242
527
767
753
571
749
371
303
87
84
323
717
444
114
959
164
196
439
898
701
373
431
510
619
990
635
969
577
865
415
518
111
427
550
966
40
259
986
17
940
107
562
947
882
12
410
61
174
760
882
364
211
882
826
186
945
391
638
990
559
638
148
524
999
194
901
693
587
908
876
465
441
1
383
840
931
91
941
84
607
8
946
183
453
995
525
517
280
789
668
982
550
976
977
459
762
486
649
777
966
33
979
805
17
570
347
866
463
215
710
745
516
582
658
840
785
692
167
233
848
799
359
630
877
893
374
22
292
51
24
324
621
149
183
99
443
615
245
688
370
197
730
301
539
250
858
86
278
220
841
389
833
271
327
310
232
860
237
707
362
911
452
970
522
870
730
875
238
355
619
912
675
50
503
355
264
676
679
296
128
397
946
738
572
899
890
879
975
367
48
187
623
15
63
150
524
874
837
869
648
871
173
294
657
213
952
328
212
299
747
793
856
625
386
515
672
800
785
119
391
753
810
417
988
359
312
339
276
505
178
399
608
357
838
477
730
163
478
532
147
449
570
235
227
911
307
42
821
908
739
295
56
242
248
923
981
699
812
389
447
834
804
202
979
802
410
298
967
366
558
149
698
428
310
410
224
361
903
954
162
132
579
480
614
983
331
483
778
717
244
266
583
958
11
852
396
54
298
646
630
278
493
305
417
185
712
437
820
684
332
568
275
918
472
677
16
3
635
848
871
334
288
743
78
815
821
610
275
747
498
621
897
161
129
582
795
867
867
717
899
634
265
907
315
92
558
303
74
895
513
345
289
5
499
682
775
119
104
783
683
815
599
188
234
770
206
853
296
478
103
275
433
148
637
329
365
698
218
865
312
426
844
148
702
653
202
614
79
347
494
233
550
191
246
658
243
538
534
435
80
569
365
578
373
590
509
827
913
50
99
671
954
438
444
191
127
471
582
655
149
458
459
448
919
43
539
785
20
908
511
566
793
187
987
479
771
177
465
17
614
743
653
163
47
383
394
927
734
271
605
598
293
915
503
179
675
205
937
737
426
997
864
831
299
23
7
511
630
534
533
428
956
686
237
519
323
526
82
510
631
575
77
94
425
917
99
462
594
561
558
418
885
243
784
308
607
637
65
838
316
679
971
974
544
391
589
99
977
924
245
703
113
554
1
345
625
21
121
148
794
665
338
328
717
246
676
93
152
318
121
914
803
57
435
425
803
892
513
458
959
956
818
233
641
260
471
756
672
704
880
113
259
174
773
959
186
662
124
194
956
888
323
532
748
618
824
457
268
297
796
264
685
675
9
616
858
19
740
275
212
506
451
225
789
304
404
671
916
432
213
244
225
113
104
911
712
781
368
249
168
582
985
79
661
508
490
260
141
329
208
257
4
713
339
87
116
61
782
632
322
921
917
624
630
601
245
167
232
865
947
303
534
45
111
438
951
60
821
931
48
791
343
795
551
681
472
410
537
141
781
211
673
470
614
396
665
725
547
155
765
701
889
657
558
93
619
117
611
612
738
176
970
798
61
748
632
881
947
337
29
492
904
410
205
313
943
784
620
783
581
503
349
453
858
76
687
718
889
744
485
801
872
329
689
291
83
29
87
417
204
740
396
297
962
813
206
514
730
766
356
37
668
635
521
751
916
256
887
913
33
749
202
849
9
638
769
68
70
69
165
708
731
626
322
308
573
341
972
753
537
387
356
242
622
628
957
578
309
277
208
69
342
335
545
931
89
819
696
786
302
398
634
750
154
455
142
859
354
609
624
98
932
340
44
502
890
579
926
665
959
240
910
147
251
914
80
362
908
819
691
149
703
77
356
433
284
206
953
309
739
942
603
241
164
612
24
718
656
600
571
505
124
181
543
90
442
177
435
959
49
538
1000
879
849
753
598
715
357
587
784
232
45
439
889
160
944
330
459
660
35
414
165
625
849
46
591
127
833
334
909
998
17
558
391
142
583
479
76
73
728
619
977
117
934
477
667
310
379
823
560
158
431
187
11
196
258
497
301
721
71
74
435
289
64
847
28
320
662
191
997
309
555
747
464
305
608
420
274
181
129
170
21
883
927
226
805
782
876
445
999
192
301
402
178
410
467
803
620
719
511
184
606
943
913
686
576
987
641
736
310
975
375
902
407
833
639
85
873
612
131
957
973
608
838
508
632
182
232
888
210
716
308
290
223
948
306
539
168
417
894
583
997
885
237
246
59
795
109
378
141
62
897
980
590
24
774
842
808
920
176
325
270
361
81
845
99
982
989
320
898
46
907
651
668
194
657
986
49
66
671
689
345
131
789
928
819
601
531
14
390
78
281
374
311
506
596
256
932
221
674
295
997
288
866
715
434
247
810
864
39
727
348
690
848
39
440
49
834
655
852
124
662
18
896
529
75
865
958
994
1000
710
476
925
542
899
863
626
879
405
439
20
378
409
243
584
650
40
761
801
1
827
645
369
536
134
359
611
285
396
18
380
147
715
198
186
811
612
17
364
114
968
141
615
379
607
942
791
564
702
400
29
74
605
207
510
188
458
618
287
241
553
734
861
312
248
179
430
456
63
761
29
492
129
783
883
280
89
902
568
483
582
940
794
692
433
413
867
56
49
676
713
162
15
620
600
175
530
178
615
324
362
314
230
176
428
435
547
557
136
534
53
921
83
905
415
29
6
775
978
530
913
758
137
309
767
898
138
845
860
23
32
583
966
219
441
239
7
937
513
198
40
791
379
823
892
580
361
150
523
315
792
810
255
817
140
855
143
215
634
427
904
842
152
512
89
209
44
451
748
36
706
320
717
206
630
643
450
852
272
12
143
471
194
619
237
699
853
673
752
991
5
548
710
507
963
962
389
383
667
416
960
702
592
560
145
476
193
651
285
551
447
210
26
690
815
431
475
621
758
377
230
859
450
42
198
609
206
488
676
628
275
908
864
95
201
818
249
872
767
464
762
163
479
453
547
389
692
298
335
275
174
639
620
42
91
768
943
998
560
250
208
621
94
376
757
764
933
382
544
803
753
381
995
873
24
333
796
990
467
342
583
318
242
43
316
782
292
605
733
629
588
830
180
851
509
657
645
793
917
104
48
393
608
788
553
849
86
884
986
440
315
400
811
991
152
505
619
373
92
37
198
643
444
871
497
729
910
600
5
438
354
311
603
137
563
255
556
787
523
511
109
997
645
711
490
380
960
330
615
355
86
746
996
305
882
898
327
758
910
752
637
667
11
232
478
620
241
34
410
944
987
567
462
178
687
773
231
976
262
211
667
210
756
656
95
320
500
832
916
954
277
506
796
483
84
159
198
765
453
152
855
919
17
844
620
764
2
407
443
198
626
239
600
291
487
58
699
737
517
604
134
281
817
187
877
403
60
787
61
467
978
678
296
707
763
300
549
740
965
350
822
651
75
836
821
708
405
800
888
833
248
737
411
218
228
858
359
512
436
676
657
961
355
249
687
729
949
259
37
851
806
589
879
930
832
841
192
3
719
955
306
738
150
724
555
336
728
843
148
698
789
465
854
379
678
590
777
290
423
949
764
242
968
612
761
269
91
678
577
600
897
877
37
870
719
233
380
571
618
414
650
413
514
525
478
115
680
705
495
137
627
631
558
68
756
27
572
617
484
849
855
456
520
404
298
527
84
703
263
144
465
940
508
518
574
47
617
323
589
511
19
826
491
243
15
553
502
761
442
882
494
640
93
184
939
525
66
42
133
470
99
373
587
241
572
74
364
578
381
797
254
714
60
689
604
828
623
497
57
807
780
92
318
584
362
838
176
874
248
789
724
26
919
420
270
27
214
402
40
842
593
956
369
743
866
327
132
18
672
702
834
438
391
490
487
231
48
276
343
128
609
796
257
226
906
730
187
110
936
424
838
163
133
80
334
140
511
468
216
50
334
538
981
502
773
799
558
392
120
519
755
204
590
888
364
929
10
244
535
960
401
222
546
46
599
214
522
673
287
50
856
105
868
887
122
79
648
392
11
701
500
894
920
32
447
582
889
245
714
865
24
100
446
954
257
647
605
820
503
59
104
287
36
38
338
983
77
189
466
831
95
833
717
783
172
29
292
68
832
556
371
191
467
749
128
756
806
45
862
198
963
112
415
832
976
714
750
822
531
661
660
61
277
546
744
942
419
149
588
831
428
365
848
178
357
82
629
579
28
162
997
305
226
410
506
851
188
324
278
236
423
509
394
617
822
469
399
302
666
991
426
556
901
469
748
663
212
635
42
374
487
606
266
621
799
93
166
870
806
909
774
936
422
26
721
853
375
203
688
512
271
408
668
904
110
951
662
898
521
136
118
73
358
953
197
783
828
36
382
354
702
226
650
547
283
287
961
549
219
686
775
486
50
542
153
232
452
879
655
433
448
800
202
727
97
592
236
337
639
35
242
687
134
433
307
792
1000
673
933
246
601
37
97
435
469
721
802
887
429
592
433
626
537
913
433
384
445
939
490
488
268
273
673
878
969
45
482
330
541
93
789
549
776
336
201
132
56
846
550
998
972
374
74
184
545
809
76
949
38
7
382
633
928
257
283
633
971
702
327
294
748
650
88
644
216
972
51
533
670
729
746
750
416
773
616
3
974
960
452
974
675
718
255
199
296
786
238
969
49
767
654
454
896
990
556
644
369
861
714
5
718
169
520
129
471
599
941
175
343
76
396
324
234
325
676
695
804
530
14
80
161
466
398
759
564
428
728
588
620
217
481
2
256
213
441
575
727
123
107
577
115
83
668
77
75
741
430
632
119
221
161
773
159
895
200
923
634
289
577
575
693
470
13
360
206
560
629
883
47
603
620
95
584
609
488
494
423
561
522
958
143
697
453
795
512
761
372
220
401
52
304
256
696
673
786
965
310
71
121
275
204
443
687
397
101
289
106
979
217
104
886
725
29
808
831
241
226
727
194
447
4
852
915
903
27
428
861
554
499
377
96
287
887
28
714
248
561
849
936
403
998
603
524
288
2
326
745
327
788
427
963
548
118
290
46
29
531
863
794
301
503
688
809
619
968
379
304
940
467
108
480
740
638
147
6
946
347
118
27
610
747
140
617
312
716
625
953
560
983
169
935
305
491
656
476
798
822
542
656
32
689
458
540
97
42
782
671
377
917
467
373
152
939
121
795
328
2
267
407
500
472
405
642
335
886
950
696
801
679
917
490
490
990
305
404
693
852
491
889
564
369
367
880
395
366
666
817
862
91
870
320
812
501
352
600
987
754
481
287
948
714
704
299
97
740
569
125
765
54
297
616
710
533
631
654
537
713
982
780
454
96
505
2
271
950
596
917
553
358
847
784
852
149
40
377
152
522
320
922
647
888
93
230
847
854
881
9
293
879
296
423
731
525
495
942
537
15
275
352
456
570
321
961
705
408
19
587
904
17
38
692
659
284
771
249
293
324
28
174
882
691
979
575
617
217
235
554
46
948
818
468
821
764
628
843
953
92
992
62
979
714
410
710
831
138
593
889
437
523
553
580
427
746
523
336
15
319
532
423
98
65
389
276
518
191
18
262
400
396
100
794
666
834
438
907
952
185
313
701
35
391
639
753
402
269
289
495
379
787
511
653
387
683
133
411
600
989
66
290
348
49
110
576
518
353
104
814
217
285
627
466
551
102
494
174
127
944
1000
378
121
486
739
585
943
478
614
648
456
615
282
353
97
372
87
629
816
673
521
63
789
417
479
851
121
987
201
53
426
226
463
327
834
872
629
648
374
325
994
647
501
664
294
608
870
831
665
880
885
731
925
70
890
363
310
282
375
805
296
882
6
937
809
445
778
208
359
415
508
505
261
275
734
212
111
721
889
754
235
949
791
654
309
398
97
658
413
67
608
827
542
194
866
606
851
977
625
39
666
127
44
293
394
86
534
320
731
110
438
452
160
79
772
933
303
514
550
725
228
804
352
280
982
640
109
993
378
692
100
391
24
189
827
714
314
379
168
448
270
265
757
217
157
32
941
709
155
439
992
263
563
14
60
674
844
127
496
715
378
51
114
326
639
900
63
295
47
993
97
248
847
143
437
468
822
293
61
685
688
860
63
60
880
729
159
570
982
937
967
38
264
924
4
718
683
599
957
292
859
892
201
24
181
598
335
617
45
53
659
660
499
885
251
727
112
924
273
134
924
372
691
835
400
788
360
59
818
515
232
742
344
235
130
864
516
260
434
887
721
828
361
824
181
49
460
375
347
859
40
912
997
840
777
184
682
814
261
290
856
412
776
20
80
604
761
612
101
26
667
920
162
458
283
206
374
616
651
1000
588
245
115
779
682
92
797
312
422
674
372
936
942
435
733
692
452
485
53
340
672
195
10
283
2
12
297
206
235
986
335
114
880
744
497
162
447
198
632
367
297
342
328
172
196
442
463
342
618
228
97
147
189
585
183
12
523
815
746
89
273
902
476
460
616
552
288
496
492
993
331
194
596
559
269
463
909
943
776
262
764
930
759
783
423
90
370
248
668
241
951
514
728
537
384
804
466
618
411
709
135
348
948
852
375
90
459
664
837
596
701
154
592
225
657
181
108
866
371
420
337
367
459
77
966
601
307
178
646
257
915
584
219
180
621
701
413
201
49
836
607
522
792
52
922
536
605
871
263
904
445
750
983
731
361
473
157
537
789
2
837
95
53
798
351
328
222
565
584
490
147
600
119
880
207
381
348
643
141
976
334
773
489
297
533
41
841
590
917
69
309
473
398
519
824
429
391
314
880
592
745
967
643
73
714
846
442
118
918
256
297
598
588
334
527
473
959
673
991
533
674
504
451
209
169
514
240
549
517
397
815
535
956
528
452
507
205
772
524
209
518
116
705
228
310
955
767
113
962
732
607
168
874
64
805
52
71
788
640
715
172
980
732
429
65
331
627
381
692
933
371
504
416
495
464
86
733
409
154
867
439
841
652
252
97
156
740
155
919
819
507
692
521
186
916
974
986
600
530
92
673
183
591
9
133
211
991
498
60
148
748
35
158
855
935
923
620
220
419
54
202
632
956
873
920
312
433
851
286
128
841
58
951
985
587
717
721
325
928
956
114
761
900
788
153
466
397
468
132
314
11
199
449
402
640
246
422
84
99
112
140
40
215
557
801
17
295
151
730
575
716
922
202
854
30
85
888
87
693
60
239
664
112
436
249
636
764
763
916
359
367
891
578
121
165
605
463
731
721
459
584
689
68
65
864
868
686
725
577
158
483
805
230
374
890
952
99
235
846
622
298
758
94
460
307
807
120
343
984
336
879
872
375
280
475
885
333
242
20
485
77
24
281
174
70
181
421
554
627
70
942
901
29
148
190
365
224
994
517
582
878
698
329
609
259
887
16
822
315
563
425
94
989
904
985
345
157
758
341
110
514
732
175
755
31
763
87
257
425
588
308
492
452
525
347
933
346
968
77
537
448
409
746
234
49
362
816
816
927
532
914
905
971
848
895
968
995
398
897
237
256
446
174
79
535
135
119
977
380
447
515
145
321
693
690
488
335
836
913
559
36
869
948
166
842
587
843
212
405
167
194
999
455
686
499
226
378
397
893
60
452
626
216
67
758
819
154
365
196
870
728
507
595
200
499
828
67
945
817
830
277
879
365
156
930
113
846
605
420
494
910
558
967
106
185
89
303
438
322
607
936
609
80
970
769
498
754
115
623
265
646
244
3
110
218
80
175
298
715
499
312
287
289
533
207
570
42
366
452
361
666
552
655
961
74
441
540
27
730
858
823
979
639
852
826
543
324
893
762
111
430
291
760
741
455
371
917
561
721
679
581
752
939
201
311
188
375
666
764
272
889
699
558
37
325
807
888
120
909
503
434
557
649
708
222
811
699
507
995
540
183
251
725
485
994
628
524
733
40
679
723
454
879
955
245
922
843
24
864
71
709
295
42
773
831
660
528
518
26
592
8
729
475
538
917
323
998
534
377
927
225
486
728
911
549
158
192
347
400
495
550
409
337
248
864
445
300
646
371
725
828
93
723
448
596
310
498
994
37
693
168
173
815
945
352
546
209
678
656
293
340
744
375
622
115
682
199
497
351
217
605
370
469
720
12
192
662
539
639
939
336
382
872
354
391
31
172
510
636
891
392
70
223
390
551
618
136
200
992
137
373
21
418
318
567
485
879
521
638
144
603
151
321
539
84
195
684
569
617
763
695
111
225
925
753
443
967
732
584
855
68
928
628
494
767
830
636
639
705
183
358
845
452
925
380
220
40
40
838
214
735
911
637
341
454
753
513
62
465
977
223
268
924
340
271
685
26
648
724
754
275
724
776
906
340
39
960
59
514
19
360
967
533
480
555
765
417
797
797
968
42
675
159
187
590
893
450
762
936
771
115
870
324
864
252
596
910
980
760
50
362
462
364
3
13
926
225
223
949
650
162
182
808
134
387
525
319
599
15
213
952
764
554
217
755
514
852
683
524
694
691
192
48
705
860
924
608
487
192
91
453
563
510
893
686
753
167
889
4
519
625
402
688
119
315
417
389
955
604
581
640
993
726
579
751
289
453
873
177
26
240
142
986
241
126
292
412
930
374
284
55
751
946
298
304
477
674
878
913
870
9
178
569
143
376
56
343
294
396
798
132
454
546
30
618
241
768
370
346
332
260
57
383
995
656
997
863
686
540
919
779
605
723
10
153
546
474
949
300
685
854
585
222
394
403
567
663
570
570
96
849
393
612
744
642
591
540
166
192
207
997
636
529
536
21
594
601
301
549
379
479
540
429
869
480
578
868
825
564
224
283
430
751
361
192
527
884
464
733
272
823
929
727
467
623
278
293
210
610
458
793
140
665
190
92
389
515
220
454
280
711
242
392
584
783
848
958
656
336
200
79
629
548
189
210
660
394
481
730
691
865
599
562
796
191
391
474
58
335
761
203
556
356
465
651
290
320
930
862
456
186
889
670
366
92
124
256
479
719
859
16
276
393
386
453
829
474
671
618
288
20
264
389
951
970
736
32
313
325
174
969
92
569
602
537
333
923
458
127
313
778
173
887
911
904
587
552
25
396
364
113
657
617
674
665
418
320
777
339
335
134
667
303
399
825
909
569
488
770
609
28
466
546
794
498
76
987
800
183
47
301
767
768
185
565
933
622
912
546
427
371
539
483
79
27
858
95
246
401
236
696
11
729
849
892
193
632
141
681
35
515
290
800
229
770
555
398
137
995
714
336
496
803
741
871
335
758
624
263
473
197
704
121
541
458
743
114
388
642
144
658
32
527
269
215
451
139
731
877
828
861
566
245
812
203
545
867
302
619
328
666
891
956
498
230
471
501
972
4
760
831
488
281
873
159
205
855
593
398
483
71
436
533
471
213
872
383
218
883
588
957
285
659
572
855
830
96
850
593
216
202
495
746
744
805
512
389
949
793
49
10
948
289
769
610
391
286
820
172
640
259
570
812
777
877
304
536
190
570
21
231
247
781
930
292
363
599
798
774
148
899
653
680
848
9
550
544
230
657
167
532
660
950
684
143
189
67
472
895
234
573
149
126
277
471
34
832
844
637
696
778
924
164
310
164
604
629
167
292
509
862
312
853
525
819
684
263
678
73
743
479
207
133
811
254
99
70
433
349
531
511
22
758
700
783
287
967
266
425
56
45
439
728
446
256
226
852
575
147
250
404
392
531
850
95
195
953
866
677
568
340
399
892
182
539
329
133
741
912
17
909
884
195
816
812
477
28
383
24
809
632
944
467
334
942
795
599
952
333
344
417
961
362
716
344
565
371
232
375
436
465
754
432
834
148
157
159
385
355
698
999
850
941
995
614
376
159
250
300
296
620
31
451
140
754
176
541
507
150
282
304
323
581
201
273
982
168
314
721
406
85
13
266
655
634
422
337
603
394
615
176
875
816
922
366
477
832
493
523
655
1
805
711
904
917
376
871
578
347
97
539
659
868
911
20
700
690
81
413
657
680
312
594
717
541
33
135
192
82
229
330
919
85
290
272
740
119
12
75
438
476
710
256
575
986
955
981
744
846
577
638
764
260
224
148
558
955
308
3
596
722
769
470
781
401
885
487
197
816
992
752
127
79
894
879
721
414
862
227
343
683
842
471
575
26
921
166
183
165
836
572
709
616
84
216
693
643
256
60
924
820
552
423
5
173
343
666
578
928
351
953
953
652
742
85
381
710
641
325
376
690
485
390
539
928
147
748
573
467
183
920
662
260
291
353
451
567
701
429
53
581
983
385
873
551
53
499
983
357
990
457
349
217
925
498
510
910
498
310
70
290
922
30
17
163
979
651
231
613
398
837
829
550
797
976
540
110
704
52
503
68
448
679
417
507
256
184
54
248
128
17
612
866
510
889
690
124
289
41
773
647
992
610
852
427
935
276
829
213
224
756
192
112
378
395
577
571
751
680
719
816
362
706
118
464
683
590
829
120
618
864
189
397
740
769
354
627
601
870
489
855
733
9
748
371
732
602
370
263
739
387
349
960
676
789
934
881
222
60
514
452
397
441
513
474
458
424
441
175
22
326
946
809
427
64
222
337
558
179
439
386
71
282
139
564
382
157
535
482
898
924
456
124
265
101
395
456
533
834
848
881
108
878
825
288
28
514
846
238
824
637
606
443
467
369
855
596
398
851
982
380
900
635
414
592
557
346
642
344
879
503
814
968
146
993
568
691
994
165
890
603
771
359
299
452
170
933
167
721
300
487
453
830
754
834
890
699
56
272
346
787
896
252
13
564
908
639
90
711
567
985
756
657
779
950
390
728
87
474
938
581
527
762
79
72
193
791
412
190
401
891
992
469
869
366
400
480
837
258
738
578
674
262
98
522
830
357
329
184
693
98
819
484
337
748
837
795
567
103
132
186
946
11
679
193
426
72
155
812
838
95
372
445
298
86
80
182
878
622
339
83
323
981
993
597
582
317
642
920
354
780
446
921
403
448
589
423
351
47
200
122
850
39
583
569
968
825
612
339
885
766
377
348
468
172
281
439
725
742
198
2
77
163
301
561
863
58
429
794
602
239
884
248
225
794
981
949
229
895
382
804
953
739
602
290
219
504
324
407
633
181
519
161
119
70
54
113
184
485
579
27
516
11
976
141
868
567
91
591
517
481
105
638
141
2
958
716
157
147
415
24
172
738
628
662
202
82
391
547
32
419
694
245
723
741
698
77
586
115
721
936
122
480
313
274
575
561
925
295
814
352
490
750
571
143
696
390
963
961
518
583
244
791
580
486
896
185
229
651
975
585
521
638
219
418
830
407
475
211
841
906
881
108
55
668
582
399
833
438
538
816
547
751
910
387
966
589
155
335
654
957
59
614
100
685
252
608
981
483
444
196
881
532
294
875
245
537
152
440
342
704
622
444
78
841
102
423
75
870
501
944
842
727
501
983
911
852
317
534
40
140
692
904
955
710
59
303
642
852
719
701
343
766
871
939
78
624
651
835
969
306
864
750
905
277
534
717
348
520
193
258
842
800
936
292
540
836
984
466
14
69
568
954
84
871
578
590
91
307
856
489
410
932
338
527
523
242
14
334
384
988
856
317
109
32
441
719
876
528
27
386
902
948
661
29
913
157
122
532
45
521
608
339
349
676
982
503
658
348
914
643
45
816
35
894
937
749
895
74
940
908
534
166
329
12
325
835
30
726
569
775
216
291
664
564
292
399
250
62
910
403
674
749
495
434
769
204
575
20
158
631
446
171
58
535
407
795
116
990
545
205
822
968
895
460
391
627
291
854
11
290
131
235
497
927
21
149
507
617
104
846
886
381
776
434
872
25
781
110
927
709
606
262
725
389
651
164
673
198
165
247
487
136
143
773
775
424
332
526
969
490
771
828
340
462
971
503
281
21
945
254
58
261
778
971
757
539
592
654
857
538
502
291
515
426
78
334
577
504
79
132
899
159
739
96
132
562
520
241
223
379
597
997
66
124
97
815
266
111
182
799
989
758
330
923
274
977
667
213
348
524
168
860
246
336
880
17
467
273
87
393
34
577
746
674
284
894
263
461
244
673
10
52
745
477
953
179
368
993
501
158
681
427
323
10
481
14
26
536
974
430
527
192
489
457
246
266
829
529
573
546
936
612
452
402
862
154
542
267
874
264
389
750
467
513
53
683
504
212
530
788
82
755
991
801
516
253
486
387
375
262
482
662
909
985
819
910
122
243
266
546
611
945
492
415
651
732
424
81
275
751
123
168
555
23
314
91
587
746
213
23
382
98
298
467
636
841
221
602
70
745
958
88
134
41
749
233
253
473
662
171
924
994
694
317
553
534
811
364
207
740
904
734
233
490
6
329
73
246
188
658
30
825
731
487
334
685
317
492
421
664
966
865
60
177
232
900
30
419
391
989
227
78
190
575
142
422
209
616
680
680
340
90
708
593
827
932
324
545
800
762
229
931
832
474
766
298
278
714
657
864
29
533
439
55
336
833
460
558
779
169
68
436
141
717
564
83
699
150
41
935
163
239
701
269
622
110
233
112
763
728
600
939
268
893
585
307
505
471
631
93
820
200
873
161
469
537
538
276
215
616
655
130
53
732
598
924
151
812
755
130
711
998
756
45
493
541
594
425
716
735
591
678
266
936
711
267
261
734
838
699
750
554
736
119
691
460
152
144
966
411
560
40
732
448
373
820
378
829
992
293
495
625
36
117
946
843
165
132
878
303
80
454
17
903
338
965
384
456
408
819
441
140
156
398
329
208
313
953
944
726
86
239
1
379
352
243
185
510
402
747
659
128
713
455
93
52
739
546
559
997
94
556
632
170
423
572
293
700
271
707
524
508
509
775
870
843
579
550
989
103
673
544
637
296
359
162
794
635
448
65
513
224
342
610
218
616
624
616
624
277
513
725
632
13
486
385
403
613
909
101
107
889
855
336
995
854
213
473
575
113
720
856
394
92
949
278
869
553
780
683
878
648
455
595
994
132
8
704
735
344
744
972
802
807
916
933
747
99
259
745
214
83
669
262
540
72
108
80
425
727
455
324
151
866
847
646
374
631
417
964
52
547
408
911
554
839
400
884
884
537
908
229
709
839
75
625
567
382
362
348
359
706
963
153
431
751
654
407
296
565
722
865
874
107
415
689
646
220
577
231
112
957
487
985
466
378
638
119
772
789
229
82
539
290
399
788
304
364
674
717
131
339
802
656
558
302
971
283
371
534
560
39
330
510
235
612
836
635
548
177
810
400
75
801
385
46
453
662
579
135
978
916
767
355
28
100
682
396
586
117
32
788
18
856
568
945
430
382
483
271
709
19
159
803
955
852
710
563
660
947
724
873
920
293
746
125
942
433
804
124
413
301
293
81
718
925
187
296
30
597
872
813
493
276
871
911
634
778
376
135
912
622
189
669
528
506
887
618
298
613
468
607
509
613
45
63
571
250
547
912
352
665
696
720
502
226
410
458
377
793
2
420
688
125
853
593
356
517
627
333
648
188
254
905
665
722
507
963
538
805
210
558
480
650
544
351
682
911
847
826
272
652
26
255
242
368
351
852
695
295
192
519
116
230
134
175
292
199
816
901
58
408
201
243
900
512
404
230
37
390
995
292
593
608
589
416
692
793
251
655
381
517
317
844
34
554
347
189
172
912
321
544
590
195
806
922
856
904
108
625
755
41
997
20
879
15
382
675
917
66
863
865
19
15
683
150
847
15
961
180
825
958
814
213
799
313
842
457
188
225
496
203
170
684
215
803
550
661
284
679
947
694
75
924
83
923
228
589
390
689
644
550
136
233
64
18
135
801
606
581
690
646
511
274
50
416
880
151
409
719
949
76
181
602
654
932
615
624
162
44
518
333
894
672
725
239
30
845
868
508
250
267
410
42
985
769
460
546
151
728
371
755
314
477
41
981
614
920
894
509
667
57
291
557
146
583
641
695
906
491
759
407
571
260
782
748
137
840
249
297
283
258
767
331
896
999
41
577
34
792
230
591
916
195
284
413
882
933
409
631
36
205
320
852
660
791
2
447
217
651
853
858
41
728
734
876
121
800
878
802
93
659
222
21
893
881
912
53
974
31
347
96
364
115
180
931
413
633
73
527
237
972
402
971
60
869
967
884
488
517
300
979
678
490
771
445
146
764
159
155
791
975
753
133
431
579
146
67
303
153
5
824
866
308
483
556
272
674
890
802
300
341
824
431
129
84
367
161
934
986
674
46
177
537
378
726
515
740
760
491
961
557
409
63
514
901
84
384
721
663
572
998
17
49
764
346
897
599
919
193
449
909
362
865
198
749
397
487
343
699
390
123
689
363
315
967
903
135
559
546
639
692
133
318
368
259
268
955
982
296
182
997
829
813
241
223
179
352
497
778
98
219
539
142
982
539
811
406
572
66
801
694
841
347
302
460
669
787
648
93
783
368
334
713
935
374
56
378
511
116
688
1000
701
768
426
860
2
723
386
108
996
427
817
382
1
595
987
599
989
662
306
700
194
179
687
307
984
413
735
623
625
324
71
264
822
663
556
590
690
489
421
331
314
37
10
791
785
280
303
443
574
506
921
678
144
869
420
399
623
538
389
757
902
773
478
215
244
275
939
727
580
727
396
765
524
472
970
858
695
690
255
347
924
505
876
246
647
501
850
938
567
901
668
60
118
194
292
131
494
599
419
560
525
391
413
666
335
572
149
311
414
210
848
852
826
533
549
913
613
894
540
52
573
608
361
193
902
554
254
482
163
848
380
476
512
9
219
279
741
840
49
986
630
627
741
227
428
486
767
573
357
460
435
63
164
407
699
498
88
536
136
46
268
940
567
416
678
807
672
474
454
421
40
428
1
216
969
590
255
718
489
534
741
669
83
197
453
398
556
422
982
951
968
668
74
98
895
974
422
421
414
666
142
318
472
387
165
976
504
576
596
59
986
903
930
944
460
356
327
100
496
841
382
516
747
592
525
279
927
440
297
619
217
329
251
375
102
198
99
424
632
414
33
344
230
840
151
959
818
961
768
839
234
851
868
906
754
944
570
821
765
667
788
97
533
275
704
466
306
426
42
117
522
675
406
340
620
456
485
361
189
264
853
103
691
754
471
677
554
944
175
222
53
648
495
823
639
889
185
392
2
19
324
710
746
465
611
744
259
279
677
17
634
27
24
456
178
654
424
673
836
859
752
854
695
915
136
667
146
923
848
112
768
141
297
117
595
950
532
569
427
859
81
369
728
956
839
830
23
629
882
104
369
389
201
292
620
28
576
626
626
86
130
735
890
285
500
397
681
749
899
538
206
726
688
423
925
169
75
943
247
531
683
124
180
339
114
398
412
609
922
685
719
940
104
191
153
167
613
513
159
825
933
684
685
330
991
656
768
403
987
442
258
268
728
864
106
398
868
454
303
723
66
965
174
621
281
564
453
995
529
726
391
447
969
556
612
656
472
509
53
243
499
238
894
419
961
833
61
485
264
215
997
864
62
558
685
713
904
309
226
860
398
311
414
676
974
633
114
65
498
415
292
544
26
122
828
128
918
136
245
943
728
580
85
526
419
366
752
801
186
665
748
821
132
329
241
690
714
570
688
731
625
107
305
287
813
628
983
38
328
818
938
587
473
563
524
941
836
233
765
131
554
499
765
890
706
898
447
507
411
715
688
854
952
57
68
290
484
894
918
404
195
660
932
482
806
634
781
761
939
142
189
980
629
394
994
804
5
361
653
705
819
787
457
549
641
114
374
50
425
674
376
95
498
989
644
613
836
348
749
314
847
7
112
427
Random number code based on JavaScript documentation on the Mozilla Developer Center.

Was this page useful to you?  Yes   No
andrew.hedges.name / experiments / Random Number Generator / Picker
Copyright © 2008 — 2018. All rights reserved.